36
70
44
14
58
74
80
20
75
0
51
97
25
15
31
95
79
29
24
31
95
15
88
86
45
64
70
5
33
78
36
70
44
14
58
74
80
20
75
0
51
97
25
15
31
95
79
29
24
31
95
15
88
86
45
64
70
5
33
78
36
70
44
14
58
74
80
20
75
0
51
97
25
15
31
95
79
29
24
31
95
15
88
86
45
64
70
5
33
78
36
70
44
14
58
74
80
20
75
0
51
97
25
15
31
95
79
29
24
31
95
15
88
86
45
64
70
5
33
78
36
70
44
14
58
74
80
20
75
0
51
97
25
15
31
95
79
29
24
31
95
15
88
86
45
64
70
5
33
78
36
70
44
14
58
74
80
20
75
0
51
97
25
15
31
95
79
29
24
31
95
15
88
86
45
64
70
5
33
78
36
70
44
14
58
74
80
20
75
0
51
97
25
15
31
95
79
29
24
31
95
15
88
86
45
64
70
5
33
78
36
70
44
14
58
74
80
20
75
0
51
97
25
15
31
95
79
29
24
31
95
15
88
86
45
64
70
5
33
78
36
70
44
14
58
74
80
20
75
0
51
97
25
15
31
95
79
29
24
31
95
15
88
86
45
64
70
5
33
78
36
70
44
14
58
74
80
20
75
0
51
97
25
15
31
95
79
29
24
31
95
15
88
86
45
64
70
5
33
78
36
70
44
14
58
74
80
20
75
0
51
97
25
15
31
95
79
29
24
31
95
15
88
86
45
64
70
5
33
78
36
70
44
14
58
74
80
20
75
0
51
97
25
15
31
95
79
29
24
31
95
15
88
86
45
64
70
5
33
78
36
70
44
14
58
74
80
20
75
0
51
97
25
15
31
95
79
29
24
31
95
15
88
86
45
64
70
5
33
78

36
70
44
14
58
74
80
20
75
0
51
97
25
15
31
95
79
29
24
31
95
15
88
86
45
64
70
5
33
78
36
70
44
14
58
74
80
20
75
0
51
97
25
15
31
95
79
29
24
31
95
15
88
86
45
64
70
5
33
78
36
70
44
14
58
74
80
20
75
0
51
97
25
15
31
95
79
29
24
31
95
15
88
86
45
64
70
5
33
78
